109302545
109403551
109502003
109502004
110502013
110502015
110502016
110502017
110502026
110502501
110502502
110502503
110502504
110502510
110502511
110502513
110502516
110502520
110502541
110502543
110502545
110502546
110502547
110502548
110502549
110502556
110502558
110502565
110502566
110502567
110502569
110502570
110504508
110504518
110602016
110607512
111302502
111303545
111403522
111403537
111403550
111502002
111502004
111502012
111502013
111502024
111502025
111502027
111502031
111502032
111502033
111502034
111502035
111502036
111502042
111502501
111502503
111502504
111502506
111502508
111502520
111502523
111502524
111502525
111502531
111502532
111502534
111502538
111502540
111502544
111502554
111502558
111502559
111502560
111502561
111504507
111504512
111525026
111584003
112524001
112524011
113522006
113522008
113522042
113522075
113522082
113522089
113522092
113522096
113522107
113522108
113522113
113522118
113522119
113522121
113522128
113522129
113522144
113525004
113525006
113525007
113525008
113525009
113525010
113525011
113525015
113525016
113584004
